20.019999999552965
10.029999999329448
6.693333332737287
5.0249999994412065
4.023999999463558
4.027999999374151
4.019999999552965
4.023999999463558
8.02799999937415
12.031999999284745
8.031999999284745
8.035999999195337
8.02799999937415
2.0399999991059303
2.031999999284744
2.031999999284744
2.031999999284744
2.031999999284744
4.015999999642372
0.015999999642372132
4.015999999642372
4.027999999374151
4.0359999991953375
8.035999999195337
8.03999999910593
4.0359999991953375
8.02799999937415
6.019999999552965
0.019999999552965164
4.019999999552965
8.031999999284745
4.031999999284745
6.0359999991953375
8.035999999195337
8.05199999883771
8.043999999016524
12.047999998927116
12.055999998748302
12.059999998658895
8.03999999910593
8.03999999910593
4.0359999991953375
2.023999999463558
2.019999999552965
2.023999999463558
-1.9720000006258487
2.019999999552965
4.027999999374151
4.027999999374151
4.027999999374151
4.027999999374151
-1.9680000007152558
-1.9760000005364418
-1.9680000007152558
2.031999999284744
2.019999999552965
2.019999999552965
0.02799999937415123
0.015999999642372132
-3.9840000003576277
-3.976000000536442
-1.9600000008940697
0.043999999016523364
0.05599999874830246
-1.9480000011622907
-1.9560000009834766
-1.9720000006258487
-1.9760000005364418
-3.9840000003576277
-1.984000000357628
2.0159999996423723
2.023999999463558
2.0159999996423723
2.011999999731779
2.019999999552965
-1.9760000005364418
2.019999999552965
6.0359999991953375
8.047999998927116
6.05199999883771
6.055999998748303
0.05199999883770943
-3.9520000010728835
-3.9600000008940697
-3.968000000715256
-3.9640000008046625
-1.9680000007152558
-1.9720000006258487
-1.9720000006258487
0.031999999284744264
0.023999999463558196
4.027999999374151
4.023999999463558
4.027999999374151
4.023999999463558
4.031999999284745
-1.9720000006258487
-1.9680000007152558
2.0359999991953375
2.0399999991059303
2.031999999284744
8.031999999284745
8.031999999284745
2.019999999552965
2.0159999996423723
0.015999999642372132
-5.984000000357628
-1.988000000268221
0.015999999642372132
4.0119999997317795
6.0119999997317795
8.015999999642371
8.01199999973178
8.019999999552965
8.019999999552965
12.031999999284745
12.031999999284745
12.043999999016524
12.043999999016524
6.05199999883771
2.0479999989271165
2.0479999989271165
-1.9640000008046627
-3.976000000536442
2.019999999552965
0.015999999642372132
0.015999999642372132
0.015999999642372132
2.019999999552965
2.023999999463558
4.019999999552965
4.023999999463558
8.023999999463559
8.019999999552965
8.019999999552965
8.023999999463559
8.015999999642371
2.0159999996423723
2.019999999552965
-3.9840000003576277
-3.9840000003576277
-5.976000000536442
-5.972000000625849
-7.976000000536442
-5.976000000536442
-5.976000000536442
-3.980000000447035
-1.9720000006258487
0.031999999284744264
4.043999999016523
4.03999999910593
20.179999995976686
10.099999997764826
3.406666665027539
0.0549999987706542
-1.9520000010728835
-5.984000000357628
-5.984000000357628
-3.980000000447035
-1.9800000004470348
0.019999999552965164
0.02799999937415123
-1.9720000006258487
-1.9760000005364418
-1.9680000007152558
2.0279999993741513
6.019999999552965
6.023999999463558
6.027999999374151
6.023999999463558
6.027999999374151
2.0279999993741513
4.023999999463558
4.023999999463558
4.023999999463558
0.019999999552965164
4.019999999552965
8.019999999552965
8.015999999642371
8.01199999973178
6.0119999997317795
2.011999999731779
2.023999999463558
2.019999999552965
2.019999999552965
4.03999999910593
4.03999999910593
0.03599999919533729
0.03599999919533729
4.03999999910593
4.019999999552965
4.015999999642372
2.0279999993741513
2.0279999993741513
-1.9680000007152558
-1.9640000008046627
-1.9600000008940697
0.015999999642372132
-1.9800000004470348
2.0159999996423723
0.011999999731779098
-1.9920000001788138
-1.988000000268221
-1.9920000001788138
-5.980000000447035
-3.976000000536442
-3.968000000715256
-3.968000000715256
-1.9680000007152558
-1.9800000004470348
-1.9720000006258487
-1.9720000006258487
-1.9680000007152558
-1.9680000007152558
-3.9720000006258487
-3.9840000003576277
2.011999999731779
0.003999999910593033
0.007999999821186066
2.023999999463558
2.0279999993741513
-1.9680000007152558
0.03599999919533729
0.03599999919533729
-1.9400000013411045
-3.9440000012516974
-3.9440000012516974
-5.9400000013411045
-5.932000001519919
-5.968000000715255
-3.9640000008046625
0.031999999284744264
6.023999999463558
6.023999999463558
8.02799999937415
6.023999999463558
2.019999999552965
-1.9680000007152558
-3.980000000447035
0.015999999642372132
2.023999999463558
2.0279999993741513
0.015999999642372132
2.0159999996423723
-1.988000000268221
-1.984000000357628
2.011999999731779
4.015999999642372
4.0359999991953375
4.043999999016523
4.0359999991953375
4.03999999910593
4.0359999991953375
4.023999999463558
2.019999999552965
2.0279999993741513
-1.9680000007152558
-1.9680000007152558
-1.9720000006258487
0.043999999016523364
4.043999999016523
4.043999999016523
4.043999999016523
4.047999998927116
4.03999999910593
0.02799999937415123
0.019999999552965164
0.02799999937415123
-1.9800000004470348
-1.988000000268221
-1.988000000268221
-1.988000000268221
-1.996000000089407
0.007999999821186066
4.003999999910593
4.003999999910593
2.003999999910593
2.007999999821186
2.011999999731779
-3.988000000268221
-5.9880000002682205
0.019999999552965164
-1.984000000357628
-1.984000000357628
0.02799999937415123
2.0279999993741513
-1.9680000007152558
-1.9560000009834766
-3.9640000008046625
-5.972000000625849
-7.972000000625849
-7.972000000625849
-1.984000000357628
0.023999999463558196
2.023999999463558
8.031999999284745
8.023999999463559
4.023999999463558
4.023999999463558
4.023999999463558
0.019999999552965164
0.023999999463558196
0.03999999910593033
0.03999999910593033
0.043999999016523364
0.043999999016523364
0.03999999910593033
-1.9720000006258487
-1.9760000005364418
-1.984000000357628
-1.984000000357628
-1.984000000357628
4.015999999642372
2.0159999996423723
2.019999999552965
2.0159999996423723
2.019999999552965
2.023999999463558
2.019999999552965
2.019999999552965
0.023999999463558196
4.023999999463558
-1.9800000004470348
0.02799999937415123
0.031999999284744264
0.02799999937415123
-3.9720000006258487
-1.9720000006258487
-3.9720000006258487
-3.968000000715256
2.0519999988377093
2.0599999986588955
2.0599999986588955
4.05199999883771
2.0399999991059303
-1.9800000004470348
-3.996000000089407
-4.0
-6.0
-3.996000000089407
-3.996000000089407
-1.988000000268221
-1.984000000357628
0.015999999642372132
4.015999999642372
4.019999999552965
8.019999999552965
8.019999999552965
8.019999999552965
4.015999999642372
4.019999999552965
-1.984000000357628
-1.9760000005364418
2.0399999991059303
2.0479999989271165
2.043999999016523
4.03999999910593
4.031999999284745
4.023999999463558
4.023999999463558
2.023999999463558
2.023999999463558
2.019999999552965
-1.988000000268221
-1.9920000001788138
4.003999999910593
8.01199999973178
12.01199999973178
16.011999999731778
16.007999999821187
12.015999999642371
12.01199999973178
8.019999999552965
4.03999999910593
4.03999999910593
8.031999999284745
4.027999999374151
4.023999999463558
4.003999999910593
2.003999999910593
-3.996000000089407
-5.9880000002682205
-1.9920000001788138
-1.9800000004470348
0.019999999552965164
2.0279999993741513
4.027999999374151
-1.9680000007152558
-3.980000000447035
-3.980000000447035
0.015999999642372132
4.015999999642372
6.019999999552965
8.019999999552965
8.023999999463559
4.031999999284745
0.03599999919533729
0.02799999937415123
0.03599999919533729
0.031999999284744264
0.03599999919533729
0.02799999937415123
-1.9680000007152558
-3.9720000006258487
-5.972000000625849
-5.968000000715255
-1.9640000008046627
-1.9600000008940697
0.03599999919533729
2.043999999016523
2.0359999991953375
-1.9600000008940697
4.0359999991953375
4.03999999910593
4.043999999016523
4.0359999991953375
8.035999999195337
4.0359999991953375
8.031999999284745
12.02799999937415
16.035999999195337
16.027999999374153
16.067999998480083
12.071999998390675
12.06399999856949
8.05199999883771
4.063999998569488
4.031999999284745
4.027999999374151
0.03599999919533729
0.03999999910593033
0.023999999463558196
0.023999999463558196
0.02799999937415123
4.023999999463558
8.031999999284745
8.047999998927116
8.05199999883771
8.05199999883771
4.055999998748303
0.04799999892711639
0.03599999919533729
0.02799999937415123
0.031999999284744264
0.02799999937415123
0.02799999937415123
-1.9760000005364418
-3.980000000447035
-5.984000000357628
-5.984000000357628
-1.988000000268221
-1.988000000268221
-1.988000000268221
0.019999999552965164
4.027999999374151
0.031999999284744264
2.031999999284744
2.0279999993741513
2.0279999993741513
-1.984000000357628
-1.988000000268221
-1.988000000268221
0.019999999552965164
4.0119999997317795
4.015999999642372
8.019999999552965
8.019999999552965
8.01199999973178
4.015999999642372
2.011999999731779
-3.9600000008940697
0.03999999910593033
0.04799999892711639
0.05199999883770943
2.0519999988377093
8.02799999937415
2.0279999993741513
2.023999999463558
0.015999999642372132
4.023999999463558
0.019999999552965164
6.0359999991953375
6.03999999910593
6.03999999910593
6.09199999794364
6.087999998033046
0.07199999839067459
0.07199999839067459
2.0719999983906745
-3.9840000003576277
-3.980000000447035
-1.9720000006258487
2.023999999463558
0.019999999552965164
2.023999999463558
0.019999999552965164
0.015999999642372132
0.015999999642372132
2.0159999996423723
2.007999999821186
4.015999999642372
4.015999999642372
4.0119999997317795
8.023999999463559
8.023999999463559
8.019999999552965
8.015999999642371
8.015999999642371
2.003999999910593
2.003999999910593
0.0
-1.9920000001788138
-7.976000000536442
-5.972000000625849
-5.9400000013411045
-5.936000001430512
0.05999999865889549
0.04799999892711639
0.043999999016523364
0.015999999642372132
2.019999999552965
-3.976000000536442
-3.976000000536442
0.023999999463558196
0.03599999919533729
0.02799999937415123
2.0279999993741513
2.0279999993741513
-1.9680000007152558
-3.9840000003576277
-3.9840000003576277
-3.988000000268221
-1.9720000006258487
-3.976000000536442
-1.9760000005364418
2.0359999991953375
6.0359999991953375
6.023999999463558
8.023999999463559
8.035999999195337
8.02799999937415
4.031999999284745
4.027999999374151
8.031999999284745
12.02799999937415
8.02799999937415
8.019999999552965
6.015999999642372
2.011999999731779
-1.988000000268221
-1.988000000268221
-1.9800000004470348
-1.9800000004470348
-1.9720000006258487
-1.9720000006258487
-1.9720000006258487
-3.976000000536442
-1.9600000008940697
-1.9600000008940697
-1.9640000008046627
-1.9600000008940697
0.05199999883770943
4.03999999910593
4.031999999284745
2.0279999993741513
6.019999999552965
6.003999999910593
0.0
0.003999999910593033
2.007999999821186
2.023999999463558
6.0839999981224535
12.083999998122454
12.083999998122454
16.087999998033048
12.071999998390675
12.01199999973178
8.015999999642371
8.01199999973178
4.003999999910593
4.007999999821186
0.011999999731779098
0.019999999552965164
0.02799999937415123
0.031999999284744264
4.031999999284745
4.031999999284745
4.027999999374151
2.023999999463558
2.019999999552965
2.0159999996423723
2.023999999463558
2.023999999463558
4.0359999991953375
8.043999999016524
2.0479999989271165
6.03999999910593
6.043999999016523
6.031999999284745
2.031999999284744
4.031999999284745
0.031999999284744264
4.019999999552965
4.019999999552965
4.015999999642372
4.0119999997317795
2.007999999821186
-1.9800000004470348
2.0159999996423723
2.0159999996423723
6.023999999463558
8.023999999463559
8.015999999642371
4.019999999552965
2.019999999552965
-3.988000000268221
-3.988000000268221
-3.976000000536442
0.023999999463558196
2.023999999463558
2.023999999463558
0.02799999937415123
0.02799999937415123
0.02799999937415123
4.031999999284745
6.03999999910593
8.035999999195337
6.023999999463558
2.019999999552965
2.0159999996423723
2.007999999821186
2.0159999996423723
2.011999999731779
2.023999999463558
-1.9800000004470348
-1.9680000007152558
-3.9720000006258487
2.031999999284744
2.019999999552965
2.0279999993741513
6.015999999642372
8.01199999973178
4.007999999821186
2.011999999731779
2.003999999910593
-3.988000000268221
0.015999999642372132
-1.9800000004470348
0.023999999463558196
-1.9760000005364418
0.02799999937415123
-3.976000000536442
-1.9680000007152558
-3.9080000020563603
-3.9080000020563603
-3.9200000017881393
-3.9160000018775465
-3.9200000017881393
-1.9760000005364418
0.02799999937415123
-1.9720000006258487
-1.9560000009834766
-3.9600000008940697
-5.968000000715255
-5.96000000089407
0.043999999016523364
4.023999999463558
4.019999999552965
10.02799999937415
10.019999999552965
6.019999999552965
6.019999999552965
8.02799999937415
4.015999999642372
2.0159999996423723
2.023999999463558
-1.9640000008046627
2.0359999991953375
2.0399999991059303
4.0359999991953375
8.031999999284745
8.023999999463559
4.019999999552965
2.0159999996423723
2.019999999552965
-1.9720000006258487
-1.9720000006258487
-3.9720000006258487
2.031999999284744
6.031999999284745
6.019999999552965
4.019999999552965
10.019999999552965
10.019999999552965
6.019999999552965
6.019999999552965
6.015999999642372
2.011999999731779
-3.992000000178814
-3.992000000178814
-3.9840000003576277
-1.9760000005364418
-1.9720000006258487
-1.9640000008046627
-1.9560000009834766
-1.9600000008940697
2.043999999016523
2.0479999989271165
2.0519999988377093
6.043999999016523
6.0359999991953375
2.031999999284744
2.0399999991059303
2.0279999993741513
-3.9720000006258487
-5.9640000008046625
-5.96000000089407
-5.968000000715255
-3.968000000715256
-3.9720000006258487
-1.9680000007152558
-1.9680000007152558
-1.9640000008046627
-1.9440000012516976
4.0599999986588955
4.055999998748303
4.043999999016523
4.0359999991953375
4.023999999463558
0.019999999552965164
0.015999999642372132
0.03599999919533729
4.0359999991953375
4.027999999374151
8.03999999910593
12.043999999016524
12.035999999195337
12.035999999195337
12.043999999016524
6.0359999991953375
2.0399999991059303
2.031999999284744
-1.9680000007152558
-1.9680000007152558
0.02799999937415123
0.023999999463558196
0.02799999937415123
4.027999999374151
2.0679999984800816
0.06799999848008156
0.06799999848008156
0.06799999848008156
-3.9320000015199184
-1.9720000006258487
0.03599999919533729
0.043999999016523364
4.043999999016523
8.047999998927116
8.047999998927116
8.055999998748302
12.043999999016524
8.043999999016524
4.03999999910593
4.043999999016523
2.031999999284744
-1.9720000006258487
-1.9680000007152558
-1.9680000007152558
-1.9760000005364418
0.02799999937415123
4.031999999284745
4.027999999374151
2.023999999463558
2.019999999552965
2.0279999993741513
2.023999999463558
2.019999999552965
4.023999999463558
8.023999999463559
8.023999999463559
4.031999999284745
4.031999999284745
8.03999999910593
8.043999999016524
8.02799999937415
12.02799999937415
12.031999999284745
8.03999999910593
4.043999999016523
8.047999998927116
8.055999998748302
12.047999998927116
12.031999999284745
16.035999999195337
10.031999999284745
6.015999999642372
2.019999999552965
2.0399999991059303
2.0279999993741513
4.043999999016523
2.043999999016523
2.0399999991059303
0.019999999552965164
-5.976000000536442
-7.9880000002682205
-1.984000000357628
-3.980000000447035
-1.984000000357628
0.015999999642372132
2.023999999463558
-3.976000000536442
-1.9680000007152558
-3.968000000715256
-3.968000000715256
-3.976000000536442
-1.9760000005364418
-3.976000000536442
-1.9760000005364418
-1.9800000004470348
-3.980000000447035
0.023999999463558196
6.0119999997317795
4.0119999997317795
4.019999999552965
4.019999999552965
-1.984000000357628
-7.972000000625849
-1.9640000008046627
-3.9720000006258487
-3.976000000536442
2.023999999463558
2.011999999731779
-1.9800000004470348
-1.9720000006258487
4.043999999016523
4.043999999016523
6.043999999016523
6.0359999991953375
8.035999999195337
2.0279999993741513
-1.9720000006258487
-1.9680000007152558
2.0279999993741513
6.027999999374151
6.023999999463558
4.027999999374151
2.023999999463558
-1.9760000005364418
-7.980000000447035
-5.976000000536442
0.023999999463558196
2.031999999284744
6.0359999991953375
8.035999999195337
6.031999999284745
2.0399999991059303
0.03599999919533729
0.02799999937415123
-1.9680000007152558
0.03999999910593033
0.031999999284744264
2.031999999284744
2.0399999991059303
4.0359999991953375
4.023999999463558
8.023999999463559
8.031999999284745
2.0279999993741513
0.02799999937415123
0.031999999284744264
-3.9640000008046625
-3.9720000006258487
-3.976000000536442
-1.9720000006258487
2.0479999989271165
0.03599999919533729
0.03599999919533729
6.03999999910593
6.043999999016523
2.023999999463558
2.0359999991953375
2.031999999284744
-3.9640000008046625
-3.968000000715256
-3.968000000715256
-3.9720000006258487
-5.968000000715255
0.03599999919533729
-1.9680000007152558
-1.9640000008046627
4.027999999374151
6.03999999910593
6.031999999284745
8.03999999910593
8.03999999910593
4.047999998927116
4.0359999991953375
0.05199999883770943
0.043999999016523364
0.04799999892711639
0.04799999892711639
0.043999999016523364
0.02799999937415123
0.023999999463558196
0.011999999731779098
-1.996000000089407
-1.9920000001788138
2.007999999821186
6.007999999821186
10.01199999973178
10.01199999973178
8.007999999821186
2.007999999821186
-1.984000000357628
-5.9880000002682205
-3.980000000447035
-1.9800000004470348
-1.984000000357628
-3.992000000178814
-3.988000000268221
0.011999999731779098
0.015999999642372132
2.019999999552965
8.019999999552965
6.015999999642372
2.0159999996423723
0.02799999937415123
0.02799999937415123
-3.968000000715256
2.031999999284744
0.023999999463558196
6.007999999821186
6.015999999642372
6.019999999552965
2.019999999552965
4.031999999284745
0.03599999919533729
4.047999998927116
8.043999999016524
8.047999998927116
12.03999999910593
12.03999999910593
8.019999999552965
4.023999999463558
2.019999999552965
-1.9720000006258487
-1.9720000006258487
-1.9640000008046627
-1.9640000008046627
0.043999999016523364
-1.9640000008046627
-3.968000000715256
-5.976000000536442
-5.976000000536442
-7.984000000357628
-7.9880000002682205
-5.984000000357628
