1197.5,1202.5
1197.5359754085453,1202.4640245914547
1197.5714331950182,1202.4285668049818
1197.6063808041035,1202.3936191958965
1197.640825573539,1202.359174426461
1195.174774735647,1204.825225264353
1195.2441974564429,1204.7558025435571
1195.3126218633583,1204.6873781366417
1192.8800622909932,1207.1199377090068
1190.4824690958096,1209.5175309041904
1190.619300496449,1209.380699503551
1190.7541685496333,1209.2458314503667
1190.8871012634722,1209.1128987365278
1193.518126253456,1206.481873746544
1191.1113646492008,1208.8886353507992
1191.239170878711,1208.7608291212887
1191.3651425670337,1208.634857432966
1191.4893059142064,1208.5106940857934
1191.611686751742,1208.3883132482579
1191.7323105475714,1208.2676894524284
1189.3512024109314,1210.6487975890684
1189.5042592654158,1210.495740734584
1189.6551215929783,1210.3448784070215
1187.3038206303238,1212.696179369676
1187.4862087166723,1212.5137912833275
1187.665985798711,1212.3340142012887
1185.3431888687774,1214.6568111312224
1188.0536182571732,1211.9463817428266
1190.725270006042,1209.2747299939579
1188.3586174238224,1211.6413825761774
1186.025900052045,1213.9740999479548
1186.2265708678995,1213.7734291321003
1186.4243721404337,1213.575627859566
1186.6193443899951,1213.3806556100046
1184.311527586471,1215.6884724135289
1182.0366910479477,1217.963308952052
1179.7942863752369,1220.205713624763
1180.08376570727,1219.9162342927298
1180.3691341632496,1219.6308658367502
1180.650448590326,1219.3495514096737
1178.4277651139007,1221.572234886099
1178.7366285378457,1221.263371462154
1181.5411139473372,1218.4588860526626
1181.8057633910971,1218.1942366089027
1182.0666462991019,1217.933353700898
1182.3238151049281,1217.6761848950716
1180.0773215616114,1219.9226784383884
1180.3627815475634,1219.6372184524364
1180.6441862381737,1219.355813761826
1180.921591774953,1219.0784082250468
1181.1950535839478,1218.804946416052
1183.9646263822349,1216.035373617765
1184.19474075984,1215.8052592401598
1184.4215711842326,1215.5784288157672
1182.1451637478694,1217.8548362521303
1182.4012145017653,1217.5987854982345
1185.0277397500104,1197.3734747517549
1187.6165370839417,1194.7846774178236
1187.6681086826673,1194.733105819098
1187.7189384177318,1194.6822760840334
1187.7690369521695,1194.6321775495958
1187.8184147961242,1194.582799705641
1187.8670823090258,1194.5341321927394
1187.9150497017365,1194.4861648000287
1190.4623270386664,1191.9388874630988
1190.4729516810203,1191.928262820745
1190.4834234252016,1191.9177910765636
1190.4937444714765,1191.9074700302888
1193.003916988451,1189.3972975133142
1192.9779662073358,1189.4232482944294
1190.452388848317,1191.9488256534482
1190.4631565101085,1191.9380579916567
1190.473769215624,1191.9274452861412
1192.984229194743,1189.4169853070223
1192.9585617135579,1189.4426527882074
1192.9332635787403,1189.467950923025
1190.4083294766017,1191.9928850251636
1187.9197311912528,1194.4814833105124
1187.9669411801924,1194.4342733215728
1190.5134720015883,1191.887742500177
1190.5233606211536,1191.8778538806116
1193.0331069342385,1189.3681075675267
1193.0067361220358,1189.3944783797294
1192.9807447747055,1189.4204697270598
1195.45512743308,1186.9460870686853
1195.3939122045438,1187.0073022972215
1195.3335774133277,1187.0676370884376
1195.2741104110628,1187.1271040907025
1195.2154987304639,1187.1857157713014
1195.1577300827626,1187.2434844190027
1195.1007923551772,1187.300422146588
1192.5446736084168,1189.8565408933484
1192.5253313246299,1189.8758831771354
1192.5062673822586,1189.8949471195067
1192.4874777763466,1189.9137367254186
1192.4689585595445,1189.9322559422208
1194.9507058412805,1187.4505086604847
1194.8967459660498,1187.5044685357154
1192.3435622792585,1190.0576522225067
1192.3271140715312,1190.074100430234
1192.3109025624415,1190.0903119393238
1189.7949243460514,1192.6062901557139
1189.8151533076839,1192.5860611940814
1192.3350911699445,1190.0661233318208
1192.3187648660419,1190.0824496357234
1194.8026735066624,1187.598540995103
1197.2508430341625,1185.1503714676028
1194.6638083299367,1187.7374061718285
1194.613975461681,1187.7872390400842
1192.064859465181,1190.3363550365843
1192.0524219786364,1190.3487925231289
1192.0401634775446,1190.3610510242206
1189.5280813862837,1192.8731331154816
1189.5521502246218,1192.8490642771435
1187.0758727161783,1195.325341785587
1184.6352212651593,1197.765993236606
1184.7296598053365,1197.6715546964288
1182.3227411773166,1200.0784733244486
1182.4498296337613,1199.8729115435553
1185.0750937992161,1197.2476473781005
1185.1626465428312,1197.1600946344854
1185.2489408244196,1197.073800352897
1185.3339946899603,1196.9887464873564
1187.91782592848,1194.4049152488367
1185.4644988648076,1196.858242312509
1188.046454062169,1194.2762871151476
1188.0912765107912,1194.2314646665254
1188.1354541169064,1194.1872870604102
1188.1789961518493,1194.1437450254673
1185.7219117538993,1196.6008294234173
1185.8001662860106,1196.522574891306
1185.8772957325177,1196.445445444799
1183.453316238463,1198.8694249388536
1183.5641713166467,1198.75856986067
1181.173434153945,1201.1493070233716
1181.3170139380718,1201.0057272392448
1181.4585341611792,1200.8642070161375
1184.0980241777477,1198.224716999569
1184.1996179240389,1198.1231232532778
1186.7997519987116,1195.522989178605
1186.862507549685,1195.4602336276316
1189.4243605366155,1192.8983806407011
1191.9493572876333,1190.3733838896833
1194.4380173252423,1187.8847238520743
1194.3908681794771,1187.9318729978395
1194.3443973265742,1187.9783438507425
1194.2985950152342,1188.0241461620824
1194.2534516340604,1188.0692895432562
1194.2089577095628,1188.1137834677538
1191.6651039041915,1190.6576372731251
1191.6578546193648,1190.6648865579518
1197.5,1202.5
1197.5359754085453,1202.4640245914547
1200.0714331950182,1199.9285668049818
1202.5704051887637,1197.4295948112363
1205.0334167838814,1194.9665832161186
1204.9610003577125,1195.0389996422875
1204.8896252257694,1195.1103747742306
1204.819276439273,1195.180723560727
1204.7499392630168,1195.2500607369832
1204.6815991723602,1195.3184008276398
1204.61424185026,1195.38575814974
1207.047853184345,1192.952146815655
1206.9464820361068,1193.0535179638932
1206.846567371653,1193.153432628347
1204.2480883309515,1195.7519116690485
1201.6869656087822,1198.3130343912178
1204.1626889852491,1195.8373110147509
1204.1027945384792,1195.8972054615208
1204.0437615544295,1195.9562384455705
1201.485577656396,1198.514422343604
1201.4641989965035,1198.5358010034965
1201.443127978082,1198.556872021918
1201.4223601747583,1198.5776398252417
1201.40189122382,1198.59810877618
1201.3817168253006,1198.6182831746994
1198.8618327410782,1201.1381672589218
1196.3782120502344,1203.6217879497656
1196.4303262180647,1203.5696737819353
1196.481690723966,1203.518309276034
1199.0323163427765,1200.9676836572235
1199.0462422860114,1200.9537577139886
1196.5599678249428,1203.4400321750572
1196.609467397464,1203.390532602536
1196.658254889143,1203.341745110857
1196.7063405359377,1203.2936594640623
1196.7537344269954,1203.2462655730046
1196.800446506747,1203.199553493253
1196.8464865769674,1203.1535134230326
1194.3918642988103,1205.6081357011897
1194.4725438332646,1205.5274561667354
1194.552063487806,1205.447936512194
1197.130439903777,1202.869560096223
1197.1717324375143,1202.8282675624857
1197.212430883719,1202.787569116281
1197.2525437851996,1202.7474562148004
1197.2920795621128,1202.7079204378872
1197.3310465137167,1202.6689534862833
1199.869452820098,1200.130547179902
1197.3713315446844,1202.6286684553156
1199.9091582376373,1200.0908417623627
1202.410465555567,1197.589534444433
1202.3757783938745,1197.6242216061255
1204.8415903258424,1195.1584096741576
1204.771932275105,1195.228067724895
1204.7032759171693,1195.2967240828307
1207.1356068691384,1192.8643931308616
1207.084269268343,1200.0513376007955
1207.033670167926,1200.1019367012125
1206.9837989530752,1200.1518079160633
1206.9346451611827,1200.2009617079557
1209.3861984796777,1197.7494083894608
1209.3024963409275,1197.833110528211
1209.219997441816,1197.9156094273224
1211.6386845229113,1195.4969223462272
1211.5226187049825,1195.612988164156
1208.9082196596785,1198.22738720946
1211.331389094003,1195.8042177751354
1211.219736438692,1195.9158704304464
1211.1096874351042,1196.0259194340342
1211.0012191390158,1196.1343877301226
1210.8943089307056,1196.2412979384328
1210.7889345105248,1196.3466723586137
1210.685073894522,1196.4505329746164
1213.0827054101217,1194.0529014590168
1215.4459117295025,1191.689695139636
1215.2752379089172,1191.8603689602212
1217.6070089976004,1189.528597871538
1217.4054073014172,1189.7301995677212
1219.7066882885422,1187.4289185805962
1219.4750969665931,1187.6605099025453
1216.7468103167553,1190.3887965523832
1214.0575121857678,1193.0780946833706
1213.906736349496,1193.2288705196424
1213.758122572128,1193.3774842970104
1216.1116400690469,1191.0239668000916
1215.9314328409494,1191.204174028189
1215.7538057202275,1191.3818011489109
1218.0787221385892,1189.0568847305492
1215.3703775827337,1191.7652292864047
1215.200785751628,1191.9348211175104
1215.033623471976,1192.1019833971625
1217.3688562487707,1189.7667506203677
1217.1706599330705,1189.964946936068
1216.9752982200064,1190.160308649132
1216.7827310638368,1190.3528758053017
1214.092918963632,1193.0426879055065
1213.9416354424995,1193.1939714266389
1213.7925212075884,1193.34308566155
1213.645545373608,1193.4900614955304
1213.5006774856438,1193.6349293834946
1210.8578875135572,1196.2777193555812
1210.7530363131186,1196.3825705560198
1210.6496914264837,1196.4859154426547
1213.0478312872015,1194.087775581937
1212.9115379884179,1194.2240688807206
1212.777200361514,1194.3584065076245
1212.6447905059465,1194.490816363192
1212.5142809123658,1194.6213259567726
1212.3856444574217,1194.7499624117168
1209.7588543986267,1197.3767524705117
1209.669795714733,1197.4658111544054
1209.5820170851275,1197.553589784011
1209.4955001564892,1197.6401067126492
1209.4102268367287,1197.7253800324097
1209.3425313643115,1200.0676954724172
1209.275809403955,1200.1344174327737
1209.2100469756365,1200.2001798610922
1211.6452302992489,1197.7649965374799
1211.545407090563,1197.8648197461657
1211.447018195686,1197.9632086410427
1211.3500430691101,1198.0601837676186
1211.2544614569288,1198.1557653798
1211.1602533928135,1198.2499734439152
1208.56739919404,1200.8428276426887
1208.5118255902933,1200.8984012464355
1210.9570513654471,1198.4531754712816
1210.867117570363,1198.5431092663657
1210.778476375703,1198.6317504610258
1213.191109249619,1196.2191175871096
1215.56908299926,1193.8411438374687
1212.9129414130482,1196.4972854236805
1215.2949090910151,1194.1153177457136
1215.1426981772822,1194.2675286594465
1214.9926697506055,1194.4175570861232
1214.8447927418708,1194.565434094858
1214.699036514726,1194.7111903220027
1217.0553708599582,1192.3548559767705
1219.3779352068555,1190.0322916298733
1221.6672770407968,1187.742949795932
1223.923944700782,1185.4862821359468
1223.6484863980197,1185.761740438709
1220.876944813525,1188.5332820232038
1220.644883429834,1188.7653434068948
1220.4161333109414,1188.9940935257873
1217.690648001065,1191.7195788356637
1217.5041184291454,1191.9061084075834
1217.3202585026786,1192.0899683340501
1217.1390304258937,1192.271196410835
1216.9603969206446,1192.4498299160841
1216.7843212200637,1192.625905616665
1216.610767062261,1192.7994597744678
1216.43969868407,1192.9705281526587
1216.2710808148422,1193.1391460218865
1216.1048786702895,1193.3053481664392
1215.9410579463768,1193.469168890352
1215.779584813265,1193.6306420234637
1218.120425909307,1191.2898009274218
1217.9277469152116,1191.482479921517
1217.7378245583004,1191.6724022784283
1217.550619854369,1191.8596069823598
1217.3660943512805,1192.0441324854482
1214.6842101225216,1194.7260167142072
1217.0407571331084,1192.3694697036203
1216.8635307302932,1192.5466961064355
1216.6888421856688,1192.72138465106
1216.5166555115939,1192.8935713251349
1213.8469352157413,1195.5632916209875
1216.2154951363996,1193.1947317003292
1216.0500894154693,1193.3601374212594
1218.387053802813,1191.0231730339158
1215.6905609714256,1193.719665865303
1218.0326780724668,1191.377548764262
1217.8412544189878,1191.568972417741
1217.6525696521942,1191.7576571845345
1219.9665850300412,1189.4436418066875
1219.7475180943177,1189.662708742411
1219.6055760966792,1200.1419419976385
1221.965670317711,1197.7818477766066
1221.791934224285,1197.9555838700328
1219.1206864913781,1200.6268316029395
1218.9877380495202,1200.7597800447975
1218.856697555969,1200.8908205383486
1218.7275377794942,1201.0199803148234
1221.1002318711653,1198.6472862231524
1220.9388944786601,1198.8086236156576
1223.2798693859245,1196.4676487083932
1223.0873220353456,1196.6601960589721
1225.397529460707,1194.3499886336108
1225.1747172246617,1194.572800869656
1224.9550864061544,1194.7924316881633
1224.738592281224,1195.0089258130936
1224.5251907249847,1195.222327369333
1224.3148382048594,1195.4326798894583
1221.6074917738379,1198.1400263204798
1221.4388861178238,1198.3086319764939
1218.772696013087,1200.9748220812307
1218.6447419193244,1201.1027761749933
1218.518624478222,1201.2288936160958
1218.3943174600531,1201.3532006342646
1218.271795004014,1201.4757230903037
1220.6510316132756,1199.0964864810421
1220.4961328690854,1199.2513852252323
1217.8434548613714,1201.9040632329463
1217.72884211708,1202.0186759772378
1217.6158753656287,1202.131642728689
1217.5045310643989,1202.2429870299188
1217.3947860034227,1202.352732090895
1214.7866173008554,1204.9609007934623
1214.7159344302188,1205.031583664099
1217.1462679663687,1202.601250127949
1217.0416692489819,1202.7058488453358
1216.9385732307305,1202.8089448635872
1216.8369583963824,1202.9105596979352
1216.7368035356521,1203.0107145586655
1214.1380877390097,1205.609430355308
1211.5767314395007,1208.170786654817
1209.0522244817637,1210.695293612554
1206.5640472263992,1213.1834708679185
1206.6116720460113,1213.1358460483063
1206.6586117345373,1213.0889063597804
1204.2048761413769,1215.5426419529408
1204.286428978012,1215.4610891163056
1204.366809406032,1215.3807086882857
1204.446034245419,1215.3014838488987
1202.02412007632,1217.7233980179976
1202.1370086407487,1217.610509453569
1202.2482758733681,1217.4992422209496
1202.357944968339,1217.3895731259786
1204.9660387919141,1214.7814793024036
1207.5366477798543,1212.2108703144634
1210.070279485585,1209.6772386087328
1207.497838284856,1202.572441200729
1207.462399577931,1202.607879907654
1207.42747077398,1202.6428087116049
1207.393044539208,1202.677234946377
1207.3591136451773,1202.7111658404076
1209.8256709673021,1200.2446085182828
1212.2567471516234,1197.8135323339616
1212.1528796924715,1197.9173997931134
1209.5505044629,1200.5197750226848
1206.985537771153,1203.0847417144319
1206.9574704665692,1203.1128090190157
1206.9298070327848,1203.1404724528002
1206.902541659767,1203.167737825818
1206.8756686210054,1203.1946108645795
1206.8491822723136,1203.2210972132714
1206.8230770506484,1203.2472024349365
1206.7973474729454,1203.2729320126396
1206.7719881349715,1203.2982913506135
1206.7469937101935,1203.3232857753915
1206.7223589486634,1203.3479205369215
1209.198078675919,1200.8722008096659
1211.6381806341747,1198.4320988514103
1214.043200974062,1196.0270785115229
1213.9136806202664,1196.1565988653185
1211.2860192826677,1198.7842602029173
1213.6961006995798,1196.3741787860051
1213.5715626219212,1196.4987168636637
1213.4488124072489,1196.621467078336
1213.3278245122633,1196.7424549733216
1213.2085737533732,1196.8617057322117
1210.5910353018533,1199.4792441837317
1210.5111067877701,1199.5591726978148
1210.4323273785249,1199.63795210706
1210.35468058644,1199.7155988991449
1207.7781501590216,1202.2921293265633
1207.7386783463178,1202.3316011392671
1205.199774439084,1204.870505046501
1202.6974051560592,1207.3728743295258
1200.2310458304537,1209.8392336551312
1197.8001646801256,1212.2701148054593
1197.9042241825957,1212.1660553029892
1198.0067887058933,1212.0634907796916
1195.6078796558472,1214.4623998297377
1195.7434158099338,1214.326863675651
1195.8770070930898,1214.1932723924951
1196.0086812544534,1214.0615982311315
1196.138465653979,1213.931813831606
1196.2663872676076,1213.8038922179774
1196.3924726923826,1213.6778067932023
1196.5167481515093,1213.5535313340756
1196.639239499358,1213.431039986227
1196.7599722264094,1213.3103072591755
1194.3789714641473,1215.6913080214376
1192.0321339935224,1218.0381454920625
1192.2189135941696,1217.8513658914153
1192.2748936525613,1199.9440199416083
1192.33006849131,1199.8888451028597
1192.384449681522,1199.8344639126476
1192.4380486285029,1199.7808649656668
1192.4908765741118,1199.7280370200579
1192.5429445990846,1199.675968995085
1192.5942636253253,1199.6246499688443
1192.6448444181638,1199.5740691760059
1192.694697588584,1199.5242160055857
1195.2438335954205,1196.9750799987492
1197.7562908115701,1194.4626227825995
1200.2325916749296,1191.98632191924
1200.1732661338926,1192.045647460277
1197.6147938821289,1194.6041197120408
1200.0931308822724,1192.1257827118973
1202.5358112509678,1189.6831023432019
1202.4433707402084,1189.7755428539613
1199.8522587624775,1192.3666548316921
1199.7984038452976,1192.420509748872
1199.7453236081658,1192.4735899860038
1202.1930069176199,1190.0259066765498
1202.1054933658193,1190.1134202283504
1202.0192377140747,1190.199675880095
1201.9342219244074,1190.2846916697622
1201.8504282156798,1190.3684853784898
1201.7678390600158,1190.4510745341538
1199.1864371792674,1193.0324764149022
1199.1421605022824,1193.0767530918872
1196.5985208208947,1195.620392773275
1196.5914826424219,1195.6274309517478
1196.584545750688,1195.6343678434816
1196.5777086880935,1195.6412049060762
1199.0709700180137,1193.147943576156
1201.5283545451425,1190.6905590490271
1198.9503956220267,1193.268517972143
1198.9095148702406,1193.309398723929
1198.8692222847017,1193.349691309468
1198.829509407614,1193.3894041865556
1196.290367902619,1195.9285456915507
1198.787764383468,1193.4311492107017
1198.7492234926467,1193.469690101523
1201.2112371198975,1191.007676474272
1198.6378377000694,1193.5810758941002
1198.6014539430391,1193.6174596511305
1196.0655936810488,1196.1533199131209
1196.0662249220172,1196.1526886721524
1198.5668470786986,1193.652066515471
1196.0314847484647,1196.187428845705
1196.0326068563695,1196.1863067378001
1198.5337128158467,1193.685200778323
1198.4988272318606,1193.720086362309
1198.4644435954262,1193.7544699987434
1200.9305546870376,1191.288358907132
1200.9238588238281,1200.0066958632094
1200.917259321155,1200.0132953658826
1198.4107547923072,1202.5197998947303
1200.9403203700947,1199.9902343169429
1200.9334839684382,1199.9970707185994
1203.4267459497848,1197.5038087372527
1203.3841311187837,1197.5464235682539
1200.8421293888541,1200.0884252981834
1200.8367060604749,1200.0938486265627
1200.831360779703,1200.0991939073347
1200.8260924233582,1200.1044622636794
1200.820899884424,1200.1096548026135
1198.3157820718143,1202.6147726152233
1195.8467142167897,1205.0838404702479
1195.9131650269765,1205.017389660061
1195.978660199104,1204.9518944879335
1196.0432134575885,1204.887341229449
1193.6068383305396,1207.323716356498
1196.2054879523312,1204.7250667347064
1196.2667789653585,1204.663775721679
1198.8271884523756,1202.103366234662
1201.3507617478242,1199.5797929392133
1203.8380187132534,1197.0925359737842
1203.7894871609988,1197.1410675260388
1203.7416537744905,1197.188900912547
1206.1945085173522,1194.7360461696853
1203.6120881333777,1197.3184665536598
1206.066806838468,1194.8637478485696
1205.9862222760669,1194.9443324109707
1205.906796231025,1195.0237584560125
1205.8285120814305,1195.102042605607
1208.2513534424345,1192.679201244603
1210.6393777711337,1190.2911769159039
1207.9931278740073,1192.9374268130302
1207.884861156316,1193.0456935307216
1207.7781496415753,1193.1524050454623
1207.6729710709685,1193.257583616069
1210.069303500818,1190.8612511862195
1209.9312310962375,1190.9993235908
1212.29513973894,1188.6354149480976
1212.125157009736,1188.8053976773015
1211.9576093807266,1188.972945306311
1211.7924622802932,1189.1380924067444
1214.129681614392,1186.8008730726456
1213.9334395909675,1186.99711509607
1211.2400045632924,1189.6905501237452
1208.58514230899,1192.3454123780475
1208.4683730850493,1192.4621816019883
1208.3532806916453,1192.5772739953923
1208.2398411507045,1192.690713536333
1205.6280308227178,1195.3025238643197
1205.5537546940834,1195.3767999929541
1205.48054655482,1195.4500081322176
1202.9083910748695,1198.022163612168
1200.3732341598404,1200.5573205271971
1200.374558767608,1200.5559959194295
1200.3758643127428,1200.5546903742948
1202.8771510695778,1198.0534036174597
1202.8424436465866,1198.088111040451
1202.8082356086732,1198.1223190783644
1202.7745197731458,1198.1560349138917
1202.754555922926,1200.0199638502197
1205.2348793575472,1197.5396404155986
1205.1795167149896,1197.5950030581562
1205.1249504197765,1197.6495693533693
1205.0711690279297,1197.703350745216
1207.5181612594665,1195.2563585136793
1207.4299671098995,1195.3445526632463
1207.3430406192094,1195.4314791539364
1207.257363610496,1195.5171561626498
1207.1729181656347,1195.6016016075112
1207.0896866216722,1195.6848331514736
1204.5076515672683,1198.2668682058775
1204.4627503502159,1198.31176942293
1206.91849510816,1195.8560246649859
1204.3389211237086,1198.4355986494372
1204.2964473912202,1198.4780723819256
1206.7545847309716,1196.0199350421742
1206.677367286723,1196.0971524864228
1206.6012600458569,1196.173259727289
1204.0262470756902,1198.7482726974556
1201.4882719183513,1201.2862478547945
1198.986818238524,1203.7877015346219
1199.0213611722468,1203.753158600899
1196.55540708674,1206.2191126864059
1196.6249251117893,1206.1495946613566
1194.1934434545515,1208.5810763185943
1194.2969116571119,1208.477608116034
1194.3988933466394,1208.3756264265064
1194.4994098089649,1208.275109964181
1194.5984820281244,1208.1760377450214
1194.6961306905105,1208.0783890826353
1194.7923761889717,1207.982143584174
1194.887238626861,1207.8872811462847
1194.9807378220328,1207.793781951113
1192.5728933107903,1210.2016264623555
1192.6996334968312,1210.0748862763146
1192.8245543656985,1209.9499654074473
1195.447681903322,1207.3268378698237
1195.5331260088471,1207.2413937642987
1193.117341890657,1209.657177882489
1193.2362657527824,1209.5382540203634
1193.3534819803933,1209.4210377927525
1193.4690149862279,1209.305504786918
1191.0828888385704,1211.6916309345754
1193.7310069824803,1209.0435127906655
1191.341118033893,1211.4334017392528
1191.4855326823183,1211.2889870908275
1191.6278758729388,1211.146643900207
1191.768177126454,1211.0063426466918
1191.9064655510008,1210.868054222145
1192.0427698475735,1210.7317499255723
1189.677118315387,1213.097401457759
1189.8453860085092,1212.9291337646366
1190.0112429487392,1212.7632768244066
1190.0830980369567,1199.9281449117825
1192.653919889362,1197.3573230593772
1192.6877615284056,1197.3234814203336
1190.2211162350786,1199.7901267136606
1190.2899533956909,1199.7212895530483
1187.857800650257,1202.153442298482
1187.9606080494093,1202.05063489933
1188.0619383973913,1201.949304551348
1188.1618128458979,1201.8494301028413
1190.7602522466736,1199.2509907020656
1193.3213358611777,1196.6899070875616
1193.345573920105,1196.6656690286343
1193.369463197643,1196.6417797510962
1190.8930087117842,1199.118234236955
1190.9521829124642,1199.059060036275
1193.5105059982163,1196.5007369505229
1196.0320219082666,1193.9792210404726
1196.0172509905328,1193.9939919582064
1193.5026926360783,1196.5085503126609
1191.0243209810762,1198.986921967663
1191.0816064715937,1198.9296364771456
1191.1380679842987,1198.8731749644405
1193.6937173590377,1196.3175255897015
1193.7125968180017,1196.2986461307376
1191.2312045949836,1198.7800383537556
1191.2855142744272,1198.725728674312
1191.3390427383242,1198.672200210415
1193.8918012138054,1196.1194417349338
1193.9078301562106,1196.1034127925286
1193.9236284329386,1196.0876145158006
1193.9391993631377,1196.0720435856015
1196.4545462182066,1193.5566967305326
1193.933694998498,1196.0775479502413
1193.9491210647411,1196.062121883998
1193.964325140377,1196.0469178083622
1191.479310419753,1198.5319325289863
1191.5300511460846,1198.4811918026546
1191.5800619511651,1198.431180997574
1194.1293533267929,1195.8818896219464
1194.1419637321778,1195.8692792165614
1196.6543926637926,1193.3568502849466
1194.1306656514719,1195.8805772972673
1196.6432571714665,1193.3679857772727
1196.6196903974246,1193.3915525513146
1199.0964627468175,1190.9147802019218
1199.0376016884568,1190.9736412602824
1198.9795872459704,1191.0316557027688
1198.9224072552622,1191.088835693477
1201.3660497264552,1188.645193222284
1203.7745566860806,1186.2366862626586
1203.6484686382048,1186.3627743105344
1203.5241905934429,1186.4870523552963
1203.4016966968975,1186.6095462518417
1203.2809614575674,1186.7302814911718
1203.1619597434562,1186.849283205283
1205.5446667767378,1184.4665761720014
1205.5047730788672,1200.0398936978706
1207.9654533533587,1197.579213423379
1210.3907406038893,1195.1539261728485
1210.2811731443642,1195.2634936323736
1207.673179501899,1197.8714872748387
1205.102669362007,1200.4419974147308
1207.5691351429955,1197.9755316337423
1205.0001211558138,1200.544545620924
1204.9680624700986,1200.5766043066392
1204.9364650711768,1200.608201705561
1202.4053223237795,1203.1393444529583
1202.4106040297106,1203.1340627470272
1202.4158097261177,1203.1288570506201
1204.9209405068516,1200.6237262698862
1204.8900211414727,1200.654645635265
1204.8595466744423,1200.6851201022955
1202.329510706013,1203.2151560707248
1202.3358834228802,1203.2087833538576
1202.342164429567,1203.2025023471708
1199.8483550458639,1205.696311730874
1199.8904305033911,1205.6542362733467
1199.9319006154697,1205.6127661612682
1202.4727740865285,1203.0718926902093
1202.4770850871485,1203.0675816895894
1202.4813340476644,1203.0633327290734
1202.4855218608973,1203.0591449158405
1204.9896494068198,1200.555017369918
1202.4577413970217,1203.0869253797161
1199.9622687347578,1205.58239804198
1200.0027052890248,1205.541961487713
1202.542560064561,1203.0021067121768
1200.0458667665712,1205.4988000101666
1197.5851005539282,1207.9595662228096
1197.6597286563601,1207.8849381203777
1197.7332837173956,1207.8113830593422
1200.3057811392323,1205.2388856375055
1200.3412752942986,1205.2033914824392
1202.8762587489025,1202.6684080278353
1202.8747631429187,1202.669903633819
1202.8732890604276,1202.6713777163102
1202.8718361916815,1202.6728305850563
1202.8704042313905,1202.6742625453473
1205.368992878658,1200.1756738980798
1205.3316267275604,1200.2130400491774
1205.2947982001938,1200.249868576544
1202.7584995645684,1202.7861672121694
1202.7586986492959,1202.785968127442
1205.2588948689638,1200.285771907774
1202.723112816426,1202.8215539603118
1202.7238211573772,1202.8208456193606
1202.7245193044835,1202.8201474722543
1202.725207404446,1202.8194593722917
1205.225885601855,1200.3187811748828
1207.6905784948274,1197.8540882819104
1210.1198181631855,1195.4248486135523
1210.0141423648356,1195.5305244119022
1209.9099846849929,1195.634682091745
1209.807323389963,1195.737343386775
1212.2061370539957,1193.3385297227421
1212.070507007218,1193.4741597695197
1211.9368231708427,1193.6078436058951
1211.8050577769523,1193.7396089997856
1211.675183447063,1193.8694833296747
1209.0471731869513,1196.4974935897865
1208.9820882529846,1200.0650849339668
1208.9179393407665,1200.129233846185
1208.8547130064724,1200.192460180479
1208.7923959986188,1200.2547771883326
1208.730975255343,1200.3161979316083
1208.6704379017208,1200.3767352852306
1208.6107712471194,1200.436401939832
1206.0519627825886,1202.9952104043628
1206.0299682486504,1203.017204938301
1203.5082902173508,1205.5388829696005
1201.0229013403662,1208.0242718465852
1201.0732734325854,1207.973899754366
1198.6229209022094,1210.424252284742
1198.707805664699,1210.3393675222524
1201.2914702254432,1207.7557029615082
1201.3379787525473,1207.709194434404
1201.3838181964675,1207.6633549904839
1201.4289981763714,1207.61817501058
1201.4735281734092,1207.573645013542
1201.5174175326822,1207.5297556542691
1201.5606754651828,1207.4864977217685
1201.6033110497099,1207.4438621372415
1199.1453332347546,1209.9018399521967
1201.722707802621,1207.3244653843303
1204.2630121961681,1204.7841609907832
1204.2667621603734,1204.780411026578
1204.2704581583755,1204.7767150285758
1204.2741009668052,1204.773072220146
1204.2776913511173,1204.769481835834
1204.2812300657506,1204.7659431212007
1204.2847178542872,1204.762455332664
1201.7881554496084,1207.259017737343
1199.3275182149307,1209.7196549720206
1199.4022733575644,1209.644899829387
1199.4759536353718,1209.5712195515796
1197.048574476587,1211.9985987103644
1197.156082204525,1211.8910909824262
1197.2620455920987,1211.7851275948526
1197.3664867443513,1211.6806864426
1199.9694274532924,1209.077745733659
1200.034952061354,1209.0122211255973
1200.0995343330155,1208.9476388539358
1200.163187802434,1208.8839853845172
1200.2259258101485,1208.8212473768028
1200.2877615058173,1208.759411681134
1197.8487078509188,1211.1984653360325
1197.9447198323255,1211.1024533546258
1200.5393520990476,1208.5078210879037
1200.5966797910492,1208.4504933959022
1200.6531828988539,1208.3939902880975
1198.2088732709944,1210.838299915957
1198.2997092954854,1210.747463891466
1198.3892397856152,1210.657933401336
1195.9774834572347,1213.0696897297166
1196.1003726457734,1212.946800541178
1196.2214975289055,1212.8256756580458
1196.3408833181936,1212.7062898687577
1193.9585548699583,1215.088618316993
1191.6104107198105,1217.4367624671409
1191.6707669368466,1199.939643782964
1189.2302550571203,1202.3801556626902
1189.3248310421864,1202.2855796776241
1189.4180478894232,1202.1923628303873
1189.509925076803,1202.1004856430075
1187.1004818054519,1204.5099289143586
1184.7256481067488,1206.8847626130616
1182.3848799053067,1209.2255308145038
1182.5776306130608,1209.0327801067497
1180.2676236697255,1211.342787050085
1182.9906330858196,1208.619777633991
1183.1747158300254,1208.435694889785
1183.3561635692988,1208.2542471505117
1183.535013625027,1208.0753970947835
1181.2113028067877,1210.3991079130228
1181.420833254747,1210.1895774650634
1184.127369197425,1207.4830415223855
1184.2951740787216,1207.3152366410889
1186.9605747785358,1204.6498359412747
1189.5877493754238,1202.0226613443867
1192.177187573819,1199.4332231459914
1189.7293913571752,1201.8810193626352
1192.3167937135415,1199.293617006269
1192.3669892458183,1199.2434214739922
1192.4164626933618,1199.1939480264487
1192.4652244355964,1199.145186284214
1195.0132847030934,1196.597126016717
1195.024681278518,1196.5857294412924
1197.535913847398,1194.0744968724125
1197.5110077741504,1194.0994029456601
1197.4864600930443,1194.1239506267661
1197.4622656478946,1194.148145071916
1199.9384193566555,1191.671991363155
1199.8789488473185,1191.731461872492
1199.8203337100338,1191.7900770097767
1202.2625616553116,1189.3478490644989
1199.6696756051308,1191.9407351146797
1197.1140705798834,1194.496340139927
1199.5952348516507,1192.0151758681598
1199.5407005951274,1192.069710124683
1201.9869507815458,1189.6234599382647
1204.398025845482,1187.2123848743286
1206.77446597363,1184.8359447461805
1204.1168150957437,1187.4935956240668
1206.4972926057958,1185.1131181140147
1208.843615107652,1182.7667956121584
1206.1563288542143,1185.4540818655962
1208.5075402609882,1183.1028704588223
1208.3250640611413,1183.2853466586691
1210.6452001136897,1180.9652106061208
1207.932153411675,1183.6782573081355
1205.257915540593,1186.3524951792174
1205.1220142096224,1186.488396510188
1204.9880629590982,1186.6223477607123
1204.8560339668506,1186.7543767529598
1207.225899800864,1184.3845109189465
1207.061779177398,1184.5486315424125
1206.9000104057277,1184.7104003140828
1204.2405600652057,1187.3698506546048
1201.6192608732538,1189.9911498465567
1204.0356211154324,1187.574789604378
1206.417264455971,1185.1931462638395
1208.764734335992,1182.8456763838185
1208.578576935564,1183.0318337842466
1210.895083912614,1180.7153268071966
1210.6784676494922,1180.9319430703183
1208.1016540838582,1202.576813565634
1208.0619030111875,1202.6165646383047
1205.5227238598775,1205.1557437896147
1205.520083226987,1205.1583844225052
1208.0174805958168,1202.6609870536754
1207.9789405799904,1202.6995270695018
1210.4409550696525,1200.2375125798396
1207.867556499291,1202.8109111502013
1210.3311735800578,1200.3472940694344
1210.2593535595872,1200.419114089905
1210.1885662714953,1200.4899013779968
1210.1187968893205,1200.5596707601717
1207.5500307984516,1203.1284368510405
1207.518216590011,1203.1602510594812
1207.4868601517505,1203.1916074977416
1204.9559548989375,1205.7225127505546
1204.9614707171188,1205.7169969323734
1207.4669071566764,1203.2115604928158
1209.936289007069,1200.7421786424231
1209.8701475034168,1200.8083201460754
1209.804957195801,1200.873510453691
1209.7407044233385,1200.9377632261537
1212.1773757205542,1198.501091928938
1212.0790177442811,1198.599449905211
1209.4820730933918,1201.1963945561004
1211.9224641438248,1198.7560035056674
1211.8277691704934,1198.8506984789988
1209.234435040114,1201.4440326093782
1209.178387981186,1201.5000796683062
1209.1231471046851,1201.555320544807
1211.5687008257098,1199.1097668237824
1211.4790899965487,1199.1993776529434
1213.8907671376808,1196.7877005118114
1213.7677999915613,1196.9106676579308
1213.646598264727,1197.0318693847653
1216.0271367299245,1194.6513309195677
1218.37351922183,1192.304948427662
1215.686291989568,1194.9921756599242
1218.0375616939882,1192.640905955504
1217.8551428528406,1192.8233247966516
1215.1753354516318,1195.5031321978604
1215.033933647494,1195.6445340019982
1212.3945603618454,1198.2839072876468
1212.2930818404345,1198.3853858090577
1212.1930613405113,1198.4854063089808
1212.0944779802337,1198.5839896692585
1211.9973111739955,1198.6811564754967
1211.9015406283459,1198.7769270211463
1211.8071463379572,1198.871321311535
1211.7141085816459,1198.9643590678463
1211.6224079184417,1199.0560597310505
1211.5320251837084,1199.1464424657838
1211.442941485312,1199.23552616418
1211.3551381998404,1199.3233294496517
1211.2685969688685,1199.4098706806237
1213.683299695274,1196.9951679542182
1213.5633111957775,1197.1151564537147
1210.9450455487122,1199.73342210078
1208.3643994241613,1202.3140682253309
1205.820868191863,1204.8575994576292
1208.31393693391,1202.364530715582
1210.7711316986904,1199.9073359508018
1213.1929858710869,1197.4854817784053
1213.0981003077547,1200.0948855633321
1213.0045783185246,1200.1884075525622
1212.9124003623845,1200.2805855087024
1212.8215471760416,1200.3714386950453
1215.2319997700743,1197.9609861010126
1217.607827100316,1195.585158770771
1217.4495731523652,1195.7434127187216
1214.7935876660092,1198.3993982050777
1214.6757094642046,1198.5172764068823
1214.5595239484687,1198.6334619226182
1211.9450069169563,1201.2479789541305
1214.3680599254317,1198.8249259456552
1214.2562926388798,1198.936693232207
1216.6461306439867,1196.5468552271002
1216.5016658540883,1196.6913200169986
1216.3592732364652,1196.8337126346216
1213.7189232604376,1199.4740626106493
1216.1164806442066,1197.0765052268803
1213.4796139932512,1199.7133718778357
1213.3806097233535,1199.8123761477334
1213.2830280368987,1199.9099578341882
1213.1868485548532,1200.0061373162337
1213.0920511874883,1200.1009346835986
1212.9986161303852,1200.1943697407016
1210.4065238604906,1202.7864620105963
1207.851701897896,1205.341283973191
1207.833638303221,1205.3593475678658
1205.315834651193,1207.877151219894
1205.3342644715412,1207.8587213995456
1205.3524290796618,1207.8405567914251
1205.370332291661,1207.8226535794258
1207.8879778687526,1205.3050080023343
1207.869392248942,1205.323593622145
1207.85107408313,1205.3419117879569
1207.8330195229644,1205.3599663481225
1207.8152247754485,1205.3777610956383
1207.7976861021464,1205.3952997689405
1210.2803998183977,1202.9125860526892
1212.7273920824223,1200.4655937886646
1215.1391979648504,1198.0537879062365
1215.0163575608858,1198.176628310201
1217.3952807652759,1195.797705105811
1219.7400735825825,1193.4529122885044
1219.551282360891,1193.6417035101958
