-9.980000000447035
-4.990000000223517
-3.3200000002980232
-2.485000000335276
-1.984000000357628
-1.988000000268221
-1.9760000005364418
-1.9720000006258487
-3.976000000536442
-5.972000000625849
-3.9640000008046625
-3.9720000006258487
-3.968000000715256
2.0359999991953375
2.031999999284744
2.0279999993741513
2.023999999463558
2.0159999996423723
-1.9800000004470348
0.023999999463558196
-1.9800000004470348
-1.9600000008940697
-1.9520000010728835
-3.956000000983477
-3.9440000012516974
-1.9280000016093255
-3.9440000012516974
0.05199999883770943
6.055999998748303
4.0359999991953375
2.023999999463558
4.019999999552965
0.019999999552965164
-3.980000000447035
-3.976000000536442
-3.976000000536442
-5.972000000625849
-5.976000000536442
-5.976000000536442
-3.976000000536442
-3.976000000536442
-1.9760000005364418
2.031999999284744
2.031999999284744
2.0399999991059303
4.03999999910593
2.0399999991059303
-1.9640000008046627
-1.9680000007152558
-1.9800000004470348
-1.9760000005364418
4.019999999552965
4.015999999642372
4.0119999997317795
2.011999999731779
2.003999999910593
2.011999999731779
6.019999999552965
6.023999999463558
8.023999999463559
8.035999999195337
4.03999999910593
0.02799999937415123
0.02799999937415123
4.027999999374151
4.027999999374151
4.019999999552965
4.019999999552965
8.015999999642371
4.019999999552965
2.011999999731779
2.019999999552965
2.019999999552965
2.019999999552965
2.019999999552965
4.019999999552965
2.011999999731779
0.015999999642372132
-3.9720000006258487
0.03999999910593033
0.03999999910593033
6.0599999986588955
8.059999998658895
8.05199999883771
8.03999999910593
8.03999999910593
4.015999999642372
4.015999999642372
4.015999999642372
0.015999999642372132
0.019999999552965164
-1.9760000005364418
-1.9640000008046627
-1.9560000009834766
-1.9520000010728835
-1.9520000010728835
4.047999998927116
4.03999999910593
2.031999999284744
2.0279999993741513
2.0279999993741513
-3.976000000536442
-3.980000000447035
2.0159999996423723
2.011999999731779
6.003999999910593
12.007999999821186
10.003999999910594
6.007999999821186
4.0119999997317795
0.015999999642372132
-3.988000000268221
-3.988000000268221
-3.992000000178814
-3.992000000178814
-5.984000000357628
-5.976000000536442
-5.972000000625849
-5.972000000625849
0.023999999463558196
2.023999999463558
2.023999999463558
4.031999999284745
8.035999999195337
2.0359999991953375
6.03999999910593
6.0359999991953375
6.027999999374151
2.0279999993741513
2.0279999993741513
-1.9800000004470348
-1.9720000006258487
-3.9720000006258487
-3.976000000536442
-3.9720000006258487
-3.9720000006258487
-3.976000000536442
2.019999999552965
2.023999999463558
8.02799999937415
8.02799999937415
12.023999999463559
12.035999999195337
16.043999999016524
12.035999999195337
12.035999999195337
8.03999999910593
4.027999999374151
0.023999999463558196
-1.9680000007152558
-1.9720000006258487
-9.980000000447035
-4.970000000670552
3.3533333328862986
7.514999999664724
10.019999999552965
12.023999999463559
12.019999999552965
8.023999999463559
4.03999999910593
0.03599999919533729
0.031999999284744264
4.027999999374151
4.031999999284745
4.015999999642372
2.011999999731779
0.011999999731779098
0.011999999731779098
0.003999999910593033
0.007999999821186066
0.011999999731779098
2.0159999996423723
-1.984000000357628
-1.9760000005364418
-1.9680000007152558
0.03599999919533729
-1.9680000007152558
-3.9640000008046625
-3.9720000006258487
-3.976000000536442
0.023999999463558196
2.019999999552965
2.0159999996423723
2.023999999463558
2.0159999996423723
-1.984000000357628
-1.9760000005364418
0.02799999937415123
0.023999999463558196
-1.9640000008046627
-1.9640000008046627
-1.9680000007152558
2.0519999988377093
2.0519999988377093
4.043999999016523
4.0359999991953375
4.05199999883771
0.031999999284744264
4.031999999284745
2.0359999991953375
6.0359999991953375
10.015999999642371
10.01199999973178
10.007999999821186
12.01199999973178
8.02799999937415
8.031999999284745
8.03999999910593
4.043999999016523
4.0359999991953375
4.019999999552965
4.023999999463558
4.027999999374151
4.031999999284745
8.047999998927116
8.059999998658895
2.0519999988377093
6.047999998927116
6.047999998927116
2.043999999016523
2.043999999016523
4.055999998748303
0.05599999874830246
0.05599999874830246
4.071999998390675
8.075999998301267
8.075999998301267
12.067999998480081
12.059999998658895
12.031999999284745
8.019999999552965
6.015999999642372
0.019999999552965164
0.019999999552965164
-3.976000000536442
0.02799999937415123
2.0279999993741513
4.023999999463558
8.031999999284745
6.027999999374151
2.023999999463558
2.0159999996423723
6.023999999463558
2.023999999463558
4.023999999463558
4.023999999463558
2.023999999463558
-1.9760000005364418
-1.9760000005364418
-1.9680000007152558
-1.9640000008046627
-1.9640000008046627
-1.9680000007152558
-1.9720000006258487
2.019999999552965
2.011999999731779
4.019999999552965
4.019999999552965
4.015999999642372
0.015999999642372132
-1.9760000005364418
-1.9800000004470348
-1.9800000004470348
-1.9760000005364418
-1.9720000006258487
0.019999999552965164
0.023999999463558196
0.023999999463558196
4.027999999374151
4.023999999463558
4.031999999284745
4.031999999284745
4.031999999284745
0.02799999937415123
-1.9760000005364418
-1.9720000006258487
2.031999999284744
2.0359999991953375
2.031999999284744
8.031999999284745
12.02799999937415
6.027999999374151
10.023999999463559
10.031999999284745
6.031999999284745
2.031999999284744
4.023999999463558
4.019999999552965
8.015999999642371
12.02799999937415
16.02399999946356
16.02399999946356
10.023999999463559
6.023999999463558
2.0159999996423723
-3.9840000003576277
-3.9840000003576277
-1.9800000004470348
-1.984000000357628
-1.984000000357628
0.015999999642372132
0.015999999642372132
0.031999999284744264
0.043999999016523364
0.043999999016523364
0.03999999910593033
0.043999999016523364
4.023999999463558
4.019999999552965
4.023999999463558
4.03999999910593
4.03999999910593
-1.9560000009834766
2.0359999991953375
2.0359999991953375
2.023999999463558
2.0159999996423723
2.011999999731779
2.023999999463558
2.0279999993741513
6.027999999374151
4.027999999374151
10.02799999937415
6.031999999284745
6.019999999552965
6.015999999642372
8.02799999937415
4.031999999284745
8.019999999552965
8.023999999463559
2.0359999991953375
2.031999999284744
2.0399999991059303
-1.9560000009834766
2.0399999991059303
4.0359999991953375
8.031999999284745
8.019999999552965
12.015999999642371
8.015999999642371
8.015999999642371
4.0119999997317795
4.019999999552965
0.023999999463558196
-1.9720000006258487
-1.9800000004470348
-3.980000000447035
-3.9840000003576277
-3.988000000268221
-1.988000000268221
-1.9760000005364418
4.0359999991953375
4.03999999910593
2.0639999985694883
2.0639999985694883
2.0559999987483026
-1.9520000010728835
-1.9520000010728835
-1.9760000005364418
-1.9680000007152558
2.0359999991953375
2.0359999991953375
2.0359999991953375
4.0359999991953375
4.027999999374151
-1.9800000004470348
-3.976000000536442
-5.984000000357628
-7.9880000002682205
-7.9880000002682205
-5.980000000447035
-5.968000000715255
-3.968000000715256
-1.9280000016093255
-1.9280000016093255
-3.9280000016093255
-1.9440000012516976
-1.9400000013411045
-1.9720000006258487
2.0279999993741513
8.031999999284745
12.031999999284745
10.02799999937415
10.02799999937415
6.0359999991953375
2.0279999993741513
-1.9680000007152558
4.0359999991953375
8.031999999284745
8.02799999937415
6.023999999463558
4.015999999642372
0.019999999552965164
-3.980000000447035
-3.976000000536442
-1.9640000008046627
0.03999999910593033
0.03999999910593033
0.043999999016523364
0.03599999919533729
0.023999999463558196
0.031999999284744264
4.023999999463558
8.023999999463559
12.019999999552965
12.035999999195337
10.023999999463559
10.031999999284745
6.0359999991953375
2.0359999991953375
2.023999999463558
4.023999999463558
-1.984000000357628
-1.984000000357628
-1.9800000004470348
-1.9760000005364418
-3.976000000536442
-1.9680000007152558
-3.976000000536442
-5.976000000536442
-7.984000000357628
-7.984000000357628
-7.956000000983477
-5.956000000983477
-5.944000001251697
-3.9440000012516974
-1.9240000016987324
-1.9560000009834766
-1.9520000010728835
0.03599999919533729
0.03599999919533729
0.019999999552965164
0.031999999284744264
0.023999999463558196
-1.9720000006258487
-3.968000000715256
-3.9640000008046625
-3.9520000010728835
-3.9480000011622907
-1.9560000009834766
0.043999999016523364
0.03999999910593033
0.023999999463558196
0.023999999463558196
0.031999999284744264
0.02799999937415123
4.023999999463558
8.023999999463559
12.019999999552965
12.015999999642371
10.019999999552965
10.019999999552965
10.007999999821186
6.007999999821186
4.007999999821186
6.003999999910593
2.003999999910593
2.011999999731779
2.023999999463558
4.023999999463558
4.03999999910593
4.047999998927116
0.05199999883770943
-1.9520000010728835
-1.9520000010728835
-3.968000000715256
-3.976000000536442
-3.9840000003576277
-1.9920000001788138
2.003999999910593
8.035999999195337
6.0359999991953375
6.03999999910593
6.047999998927116
2.0559999987483026
-3.968000000715256
2.0359999991953375
2.0399999991059303
6.0359999991953375
4.0359999991953375
6.027999999374151
0.023999999463558196
0.019999999552965164
0.023999999463558196
0.05999999865889549
0.06399999856948853
6.075999998301268
6.075999998301268
2.075999998301268
8.031999999284745
8.035999999195337
4.031999999284745
2.023999999463558
6.027999999374151
2.031999999284744
6.023999999463558
6.019999999552965
6.031999999284745
2.023999999463558
2.023999999463558
-1.9680000007152558
-1.9680000007152558
-1.9720000006258487
-3.9720000006258487
-3.9600000008940697
-3.9600000008940697
-3.9600000008940697
-3.968000000715256
2.0279999993741513
2.011999999731779
6.015999999642372
10.015999999642371
16.03999999910593
12.043999999016524
12.075999998301267
12.06399999856949
6.0599999986588955
6.0359999991953375
6.043999999016523
6.023999999463558
2.0359999991953375
8.035999999195337
8.05199999883771
6.03999999910593
6.027999999374151
6.019999999552965
2.023999999463558
2.007999999821186
4.0119999997317795
8.01199999973178
8.015999999642371
8.023999999463559
4.027999999374151
8.02799999937415
4.0359999991953375
2.0359999991953375
0.031999999284744264
0.03599999919533729
-3.968000000715256
-3.976000000536442
-3.9840000003576277
-1.988000000268221
-1.984000000357628
-3.9840000003576277
-5.984000000357628
-3.980000000447035
-3.968000000715256
0.02799999937415123
2.0399999991059303
4.043999999016523
4.047999998927116
4.0359999991953375
4.031999999284745
4.027999999374151
4.027999999374151
4.027999999374151
8.03999999910593
4.03999999910593
4.031999999284745
4.03999999910593
4.03999999910593
0.043999999016523364
-1.9600000008940697
-1.9600000008940697
2.0359999991953375
0.02799999937415123
0.007999999821186066
6.0119999997317795
6.015999999642372
2.0159999996423723
2.019999999552965
0.05599999874830246
-5.936000001430512
-5.9400000013411045
-7.928000001609325
-5.920000001788139
-5.952000001072884
-3.9640000008046625
-3.9600000008940697
-1.9760000005364418
-1.988000000268221
0.007999999821186066
0.011999999731779098
0.015999999642372132
0.019999999552965164
-1.9760000005364418
-1.9720000006258487
-1.9720000006258487
2.023999999463558
2.019999999552965
2.0159999996423723
2.019999999552965
2.031999999284744
-1.9640000008046627
-3.968000000715256
2.0359999991953375
0.03599999919533729
0.019999999552965164
0.02799999937415123
2.0359999991953375
-1.9600000008940697
0.03599999919533729
-1.9640000008046627
-1.9720000006258487
-1.9760000005364418
-1.9680000007152558
2.0279999993741513
4.027999999374151
2.023999999463558
2.023999999463558
0.011999999731779098
-3.976000000536442
-3.968000000715256
-1.9640000008046627
2.0359999991953375
8.031999999284745
8.023999999463559
8.031999999284745
6.027999999374151
2.031999999284744
2.0359999991953375
6.0359999991953375
6.027999999374151
6.027999999374151
4.023999999463558
0.031999999284744264
-3.9640000008046625
0.031999999284744264
2.043999999016523
2.0399999991059303
2.0399999991059303
2.0359999991953375
2.031999999284744
2.019999999552965
4.023999999463558
4.023999999463558
8.019999999552965
2.023999999463558
2.0359999991953375
2.043999999016523
0.03599999919533729
-3.9600000008940697
-1.9520000010728835
2.0359999991953375
2.031999999284744
8.031999999284745
6.027999999374151
10.023999999463559
6.027999999374151
10.019999999552965
6.023999999463558
8.043999999016524
4.047999998927116
8.075999998301267
8.07999999821186
8.071999998390675
8.059999998658895
8.06399999856949
4.031999999284745
0.02799999937415123
4.027999999374151
4.0359999991953375
8.019999999552965
12.015999999642371
12.019999999552965
6.027999999374151
4.0119999997317795
4.015999999642372
-1.9600000008940697
-1.9600000008940697
0.043999999016523364
0.043999999016523364
-3.9600000008940697
-1.984000000357628
2.019999999552965
2.011999999731779
4.0119999997317795
2.011999999731779
2.0279999993741513
-1.9640000008046627
-3.968000000715256
-3.9640000008046625
-1.9520000010728835
2.0359999991953375
2.023999999463558
4.027999999374151
4.023999999463558
8.015999999642371
2.011999999731779
0.019999999552965164
0.019999999552965164
4.023999999463558
-1.9800000004470348
-1.9760000005364418
0.015999999642372132
0.011999999731779098
0.007999999821186066
2.007999999821186
8.01199999973178
8.01199999973178
8.023999999463559
4.023999999463558
4.031999999284745
4.027999999374151
4.027999999374151
4.019999999552965
2.019999999552965
2.023999999463558
2.031999999284744
0.031999999284744264
0.03999999910593033
2.0479999989271165
2.0399999991059303
2.031999999284744
8.031999999284745
12.02799999937415
12.02799999937415
12.035999999195337
8.043999999016524
8.05199999883771
4.055999998748303
4.055999998748303
4.05199999883771
4.03999999910593
-1.9720000006258487
-1.984000000357628
-1.984000000357628
-1.988000000268221
-1.9760000005364418
0.031999999284744264
0.03599999919533729
0.05199999883770943
-1.9440000012516976
-1.9520000010728835
-3.9600000008940697
-5.96000000089407
-5.984000000357628
-5.992000000178814
-5.976000000536442
0.031999999284744264
2.031999999284744
2.0479999989271165
4.0599999986588955
4.047999998927116
0.04799999892711639
0.04799999892711639
0.03599999919533729
-1.9760000005364418
2.0519999988377093
6.043999999016523
6.05199999883771
6.055999998748303
8.059999998658895
4.031999999284745
0.04799999892711639
0.03599999919533729
-1.9720000006258487
-3.968000000715256
-3.968000000715256
-3.980000000447035
-5.976000000536442
-3.976000000536442
-1.9800000004470348
-1.984000000357628
2.023999999463558
4.031999999284745
4.0359999991953375
4.0359999991953375
4.03999999910593
0.02799999937415123
-1.9720000006258487
-1.9720000006258487
2.023999999463558
2.0159999996423723
2.019999999552965
2.007999999821186
2.011999999731779
-1.988000000268221
-3.988000000268221
-3.9840000003576277
-1.984000000357628
-1.988000000268221
-3.980000000447035
-3.976000000536442
-3.980000000447035
-5.980000000447035
-5.976000000536442
-3.976000000536442
-1.9800000004470348
-3.968000000715256
-3.968000000715256
-5.976000000536442
-5.980000000447035
-7.980000000447035
-1.996000000089407
0.015999999642372132
2.019999999552965
2.0159999996423723
2.0279999993741513
-1.9600000008940697
2.031999999284744
2.0279999993741513
6.027999999374151
12.019999999552965
16.011999999731778
10.007999999821186
14.01199999973178
10.023999999463559
6.023999999463558
2.031999999284744
8.031999999284745
4.027999999374151
8.019999999552965
8.019999999552965
8.015999999642371
4.019999999552965
8.023999999463559
4.023999999463558
4.027999999374151
8.02799999937415
6.023999999463558
0.023999999463558196
4.023999999463558
4.019999999552965
4.0119999997317795
10.015999999642371
16.02399999946356
10.023999999463559
14.023999999463559
14.02799999937415
8.02799999937415
8.019999999552965
10.019999999552965
10.015999999642371
4.0119999997317795
4.007999999821186
0.015999999642372132
0.015999999642372132
-3.9840000003576277
2.019999999552965
4.031999999284745
4.027999999374151
2.023999999463558
0.023999999463558196
0.019999999552965164
4.0119999997317795
8.015999999642371
10.035999999195337
16.03999999910593
12.047999998927116
6.043999999016523
2.0399999991059303
0.019999999552965164
-3.976000000536442
0.023999999463558196
2.023999999463558
6.023999999463558
6.031999999284745
10.035999999195337
6.03999999910593
6.043999999016523
2.0399999991059303
2.031999999284744
-1.9800000004470348
-1.988000000268221
-3.992000000178814
-3.992000000178814
2.011999999731779
6.0119999997317795
6.0119999997317795
8.01199999973178
8.019999999552965
8.015999999642371
4.023999999463558
2.043999999016523
6.047999998927116
6.043999999016523
0.043999999016523364
0.03999999910593033
2.0159999996423723
2.011999999731779
2.019999999552965
8.02799999937415
8.031999999284745
8.043999999016524
8.047999998927116
12.031999999284745
6.0359999991953375
10.031999999284745
10.023999999463559
4.023999999463558
0.023999999463558196
0.019999999552965164
-3.9720000006258487
-3.9720000006258487
-1.9680000007152558
-1.9600000008940697
0.031999999284744264
0.03599999919533729
0.03999999910593033
0.03599999919533729
0.03999999910593033
0.05999999865889549
0.05199999883770943
0.04799999892711639
4.047999998927116
4.047999998927116
2.0279999993741513
0.019999999552965164
-1.984000000357628
-1.988000000268221
2.003999999910593
8.007999999821186
10.023999999463559
12.02799999937415
8.03999999910593
4.043999999016523
4.03999999910593
8.02799999937415
8.031999999284745
6.019999999552965
6.0119999997317795
2.019999999552965
-3.980000000447035
0.019999999552965164
2.023999999463558
6.031999999284745
6.023999999463558
8.02799999937415
2.019999999552965
6.023999999463558
0.015999999642372132
0.019999999552965164
0.019999999552965164
2.0359999991953375
-1.9680000007152558
0.03599999919533729
-1.9480000011622907
-3.956000000983477
-3.968000000715256
-5.968000000715255
-5.9640000008046625
-3.9720000006258487
-1.9680000007152558
2.0279999993741513
4.027999999374151
4.027999999374151
4.019999999552965
4.019999999552965
0.019999999552965164
4.023999999463558
8.015999999642371
12.015999999642371
12.023999999463559
16.031999999284743
16.02399999946356
12.031999999284745
